VERTICES:
-0.695457 -0.086252 1.385848
-0.591202 -0.086252 1.385848
-0.695457 -0.059135 1.017791
-0.591202 -0.059135 1.017791
-0.695457 -0.364324 0.810279
-0.591202 -0.364324 0.810279
-0.695457 -0.696629 0.970824
-0.591202 -0.696629 0.970824
-0.695457 -0.723746 1.338881
-0.591202 -0.723746 1.338881
-0.695457 -0.418557 1.546393
-0.591202 -0.418557 1.546393
-0.585669 -1.000000 1.112485
-0.482675 -0.736963 1.586795
-0.601249 1.000000 1.112485
-0.482675 1.000000 2.093832
0.585670 -1.000000 1.112485
0.482675 -0.736963 1.586795
0.601249 1.000000 1.112485
0.482675 1.000000 2.093832
0.573321 -0.086252 1.385848
0.677575 -0.086252 1.385848
0.573321 -0.059135 1.017791
0.677575 -0.059135 1.017791
0.573321 -0.364324 0.810279
0.677575 -0.364324 0.810279
0.573321 -0.696629 0.970824
0.677575 -0.696629 0.970824
0.573321 -0.723746 1.338881
0.677575 -0.723746 1.338881
0.573321 -0.418557 1.546393
0.677575 -0.418557 1.546393
0.573321 0.888469 1.385848
0.677575 0.888469 1.385848
0.573321 0.915585 1.017791
0.677575 0.915585 1.017791
0.573321 0.610396 0.810279
0.677575 0.610396 0.810279
0.573321 0.278091 0.970824
0.677575 0.278091 0.970824
0.573321 0.250975 1.338881
0.677575 0.250975 1.338881
0.573321 0.556164 1.546393
0.677575 0.556164 1.546393
-0.695456 0.888469 1.385848
-0.591202 0.888469 1.385848
-0.695456 0.915585 1.017791
-0.591202 0.915585 1.017791
-0.695457 0.610396 0.810279
-0.591202 0.610396 0.810279
-0.695456 0.278091 0.970824
-0.591202 0.278091 0.970824
-0.695456 0.250975 1.338881
-0.591202 0.250975 1.338881
-0.695456 0.556164 1.546393
-0.591202 0.556164 1.546393
-0.482675 -0.147596 1.614678
0.482675 -0.147596 1.614678
-0.482675 0.246884 2.005977
0.482675 0.246884 2.005977

EDGES:
0 2
3 1
0 1
3 2
2 4
5 3
5 4
4 6
7 5
7 6
6 8
9 7
9 8
8 10
11 9
11 10
10 0
1 11
14 12
12 13
58 15
15 14
18 14
15 19
19 18
16 18
57 17
17 16
12 16
17 13
20 22
23 21
20 21
23 22
22 24
25 23
25 24
24 26
27 25
27 26
26 28
29 27
29 28
28 30
31 29
31 30
30 20
21 31
32 34
35 33
32 33
35 34
34 36
37 35
37 36
36 38
39 37
39 38
38 40
41 39
41 40
40 42
43 41
43 42
42 32
33 43
44 46
47 45
44 45
47 46
46 48
49 47
49 48
48 50
51 49
51 50
50 52
53 51
53 52
52 54
55 53
55 54
54 44
45 55
13 56
59 57
56 57
56 58
19 59
58 59

FACES:
0 1 3 2 0 0 0
2 3 5 4 0 0 0
4 5 7 6 0 0 0
6 7 9 8 0 0 0
3 1 11 9 7 5 0 0 0
8 9 11 10 0 0 0
10 11 1 0 0 0 0
0 2 4 6 8 10 0 0 0
12 13 56 58 15 14 255 0 13
14 15 19 18 255 0 13
18 19 59 57 17 16 255 0 13
16 17 13 12 255 0 13
14 18 16 12 255 0 13
57 56 13 17 255 0 13
20 21 23 22 0 0 0
22 23 25 24 0 0 0
24 25 27 26 0 0 0
26 27 29 28 0 0 0
23 21 31 29 27 25 0 0 0
28 29 31 30 0 0 0
30 31 21 20 0 0 0
20 22 24 26 28 30 0 0 0
32 33 35 34 0 0 0
34 35 37 36 0 0 0
36 37 39 38 0 0 0
38 39 41 40 0 0 0
35 33 43 41 39 37 0 0 0
40 41 43 42 0 0 0
42 43 33 32 0 0 0
32 34 36 38 40 42 0 0 0
44 45 47 46 0 0 0
46 47 49 48 0 0 0
48 49 51 50 0 0 0
50 51 53 52 0 0 0
47 45 55 53 51 49 0 0 0
52 53 55 54 0 0 0
54 55 45 44 0 0 0
44 46 48 50 52 54 0 0 0
59 58 56 57 0 99 255
19 15 58 59 255 0 13
