VERTICES:
0.434899 -3.652813 0.416682
0.434899 -3.652813 4.023206
0.434899 -0.617787 0.416682
0.434899 -0.617787 4.023206
3.453122 -3.652813 0.416682
3.453122 -3.652813 4.023206
3.453122 -0.617787 0.416682
3.453122 -0.617787 4.023206
7.795368 -5.965769 0.325369
7.795368 -5.965769 0.725369
-7.930902 -5.965770 0.325369
-7.930902 -5.965770 0.725369
7.795368 -3.994866 0.325369
7.795368 -3.994866 0.725369
-7.930902 -3.994867 0.325369
-7.930902 -3.994867 0.725369
-8.064915 -8.055486 -0.452836
-8.064915 -8.055486 0.547164
-8.064915 7.944515 -0.452836
-8.064915 7.944515 0.547164
7.935084 -8.055485 -0.452836
7.935084 -8.055485 0.547164
7.935084 7.944515 -0.452836
7.935084 7.944515 0.547164
-5.965118 -7.936672 0.325369
-5.965118 -7.936672 0.725369
-5.965118 7.830550 0.325369
-5.965118 7.830550 0.725369
-3.999334 -7.936672 0.325369
-3.999334 -7.936672 0.725369
-3.999334 7.830550 0.325369
-3.999334 7.830550 0.725369
3.863801 -7.936671 0.325369
3.863801 -7.936671 0.725369
3.863801 7.830550 0.325369
3.863801 7.830550 0.725369
5.829584 -7.936671 0.325369
5.829584 -7.936671 0.725369
5.829584 7.830550 0.325369
5.829584 7.830550 0.725369
-2.033550 -7.936672 0.325369
-2.033550 -7.936672 0.725369
-2.033550 7.830550 0.325369
-2.033550 7.830550 0.725369
-0.067767 -7.936672 0.325369
-0.067767 -7.936672 0.725369
-0.067767 7.830550 0.325369
-0.067767 7.830550 0.725369
7.795368 -0.053061 0.325369
7.795368 -0.053061 0.725369
-7.930901 -0.053061 0.325369
-7.930901 -0.053061 0.725369
7.795368 1.917842 0.325369
7.795368 1.917842 0.725369
-7.930901 1.917842 0.325369
-7.930901 1.917842 0.725369
7.795367 3.888745 0.325369
7.795367 3.888745 0.725369
-7.930902 3.888745 0.325369
-7.930902 3.888745 0.725369
7.795367 5.859649 0.325369
7.795367 5.859649 0.725369
-7.930902 5.859649 0.325369
-7.930902 5.859649 0.725369
-3.882048 2.047543 0.340092
-3.882048 2.047543 4.856117
-3.882048 3.613666 0.340092
-3.882048 3.613666 4.856117
-2.246279 2.047543 0.340092
-2.246279 2.047543 4.856117
-2.246279 3.613666 0.340092
-2.246279 3.613666 4.856117
0.384086 -7.193668 0.782623
0.384086 -7.193668 0.672058
0.384086 -6.704637 0.782623
0.384086 -6.704637 0.672058
1.631820 -7.193668 0.782623
1.631820 -7.193668 0.672058
1.631820 -6.704637 0.782623
1.631820 -6.704637 0.672058
0.435785 -7.319941 1.133419
0.435785 -7.416737 1.092345
0.435785 -7.149244 0.731153
0.435785 -7.246039 0.690078
1.580121 -7.319941 1.133419
1.580121 -7.416737 1.092345
1.580121 -7.149244 0.731153
1.580121 -7.246039 0.690078
0.464320 -7.074824 0.684527
0.464320 -7.074824 0.503677
0.464320 -6.823481 0.684527
0.464320 -6.823481 0.503677
1.551586 -7.074824 0.684527
1.551586 -7.074824 0.503677
1.551586 -6.823481 0.684527
1.551586 -6.823481 0.503677
2.252550 -7.074824 0.684527
2.252550 -7.074824 0.503677
2.252550 -6.823481 0.684527
2.252550 -6.823481 0.503677
3.339816 -7.074824 0.684527
3.339816 -7.074824 0.503677
3.339816 -6.823481 0.684527
3.339816 -6.823481 0.503677
2.224015 -7.319941 1.133419
2.224015 -7.416737 1.092345
2.224015 -7.149244 0.731153
2.224015 -7.246039 0.690078
3.368351 -7.319941 1.133419
3.368351 -7.416737 1.092345
3.368351 -7.149244 0.731153
3.368351 -7.246039 0.690078
2.172316 -7.193668 0.782623
2.172316 -7.193668 0.672058
2.172316 -6.704637 0.782623
2.172316 -6.704637 0.672058
3.420050 -7.193668 0.782623
3.420050 -7.193668 0.672058
3.420050 -6.704637 0.782623
3.420050 -6.704637 0.672058
6.486972 -7.637416 0.782623
6.486972 -7.637416 0.672058
6.097987 -7.341033 0.782623
6.097987 -7.341033 0.672058
7.243176 -6.644947 0.782623
7.243176 -6.644947 0.672058
6.854191 -6.348563 0.782623
6.854191 -6.348563 0.672058
6.618744 -7.672823 1.133419
6.695737 -7.731487 1.092345
6.482968 -7.569370 0.731153
6.559962 -7.628035 0.690078
7.312282 -6.762598 1.133419
7.389276 -6.821262 1.092345
7.176507 -6.659144 0.731153
7.253500 -6.717809 0.690078
6.441068 -7.501570 0.684527
6.441068 -7.501570 0.503677
6.241145 -7.349240 0.684527
6.241145 -7.349240 0.503677
7.100019 -6.636740 0.684527
7.100019 -6.636740 0.503677
6.900095 -6.484409 0.684527
6.900095 -6.484409 0.503677
-3.182437 -6.855645 0.422606
-3.182437 -6.855645 2.069196
-3.182437 -6.946240 0.422606
-3.182437 -6.946240 2.069196
-3.062658 -6.855645 0.422606
-3.062658 -6.855645 2.069196
-3.062658 -6.946240 0.422606
-3.062658 -6.946240 2.069196
-3.201107 -6.930842 1.985875
-3.201107 -6.198517 2.799518
-3.201107 -7.013523 2.060293
-3.201107 -6.281199 2.873935
-3.043988 -6.930842 1.985875
-3.043988 -6.198517 2.799518
-3.043988 -7.013523 2.060293
-3.043988 -6.281199 2.873935
-2.467599 -0.736123 0.422606
-2.558143 -0.739160 0.422606
-2.463584 -0.855835 0.422606
-2.554129 -0.858871 0.422606
-2.467599 -2.708672 0.422606
-2.558143 -2.711709 0.422606
-2.463584 -2.828384 0.422606
-2.554129 -2.831420 0.422606
0.924427 6.766947 1.985875
0.953311 6.035191 2.799518
0.921166 6.849564 2.060293
0.950050 6.117807 2.873935
0.767430 6.760750 1.985875
0.796315 6.028994 2.799518
0.764169 6.843367 2.060293
0.793053 6.111610 2.873935
0.908737 6.691072 0.422606
0.908737 6.691072 2.069196
0.905164 6.781598 0.422606
0.905164 6.781598 2.069196
0.789052 6.686348 0.422606
0.789052 6.686348 2.069196
0.785479 6.776874 0.422606
0.785479 6.776874 2.069196
2.881252 6.702772 0.422606
2.881252 6.702772 2.069196
2.877678 6.793298 0.422606
2.877678 6.793298 2.069196
2.761566 6.698048 0.422606
2.761566 6.698048 2.069196
2.757993 6.788573 0.422606
2.757993 6.788573 2.069196
2.896941 6.778647 1.985875
2.925825 6.046891 2.799518
2.893680 6.861264 2.060293
2.922564 6.129508 2.873935
2.739944 6.772450 1.985875
2.768829 6.040694 2.799518
2.736683 6.855067 2.060293
2.765568 6.123311 2.873935
-2.467599 -2.708672 0.422606
-2.558143 -2.711709 0.422606
-2.463584 -2.828384 0.422606
-2.554129 -2.831420 0.422606
-2.467599 -0.736123 0.422606
-2.558143 -0.739160 0.422606
-2.463584 -0.855835 0.422606
-2.554129 -0.858871 0.422606
0.922305 2.820382 0.782623
0.922305 2.820382 0.672058
0.922305 3.309414 0.782623
0.922305 3.309414 0.672058
2.170038 2.820382 0.782623
2.170038 2.820382 0.672058
2.170038 3.309414 0.782623
2.170038 3.309414 0.672058
0.974003 2.694109 1.133419
0.974003 2.597314 1.092345
0.974003 2.864806 0.731153
0.974003 2.768010 0.690078
2.118340 2.694109 1.133419
2.118340 2.597314 1.092345
2.118340 2.864806 0.731153
2.118340 2.768010 0.690078
1.002538 2.939226 0.684527
1.002538 2.939226 0.503677
1.002538 3.190570 0.684527
1.002538 3.190570 0.503677
2.089805 2.939226 0.684527
2.089805 2.939226 0.503677
2.089805 3.190570 0.684527
2.089805 3.190570 0.503677
-7.131762 -0.446095 0.782623
-7.131762 -0.446095 0.672058
-6.642735 -0.443846 0.782623
-6.642735 -0.443846 0.672058
-7.126022 -1.693816 0.782623
-7.126022 -1.693816 0.672058
-6.636996 -1.691566 0.782623
-6.636996 -1.691566 0.672058
-7.257795 -0.498374 1.133419
-7.354590 -0.498819 1.092345
-7.087099 -0.497589 0.731153
-7.183894 -0.498034 0.690078
-7.252531 -1.642698 1.133419
-7.349326 -1.643143 1.092345
-7.081836 -1.641913 0.731153
-7.178631 -1.642358 0.690078
-7.012550 -0.525781 0.684527
-7.012550 -0.525781 0.503677
-6.761209 -0.524625 0.684527
-6.761209 -0.524625 0.503677
-7.007548 -1.613036 0.684527
-7.007548 -1.613036 0.503677
-6.756207 -1.611880 0.684527
-6.756207 -1.611880 0.503677
-7.012550 -2.151330 0.684527
-7.012550 -2.151330 0.503677
-6.761209 -2.150173 0.684527
-6.761209 -2.150173 0.503677
-7.007548 -3.238584 0.684527
-7.007548 -3.238584 0.503677
-6.756207 -3.237428 0.684527
-6.756207 -3.237428 0.503677
-7.257795 -2.123922 1.133419
-7.354590 -2.124368 1.092345
-7.087099 -2.123137 0.731153
-7.183894 -2.123582 0.690078
-7.252531 -3.268246 1.133419
-7.349326 -3.268692 1.092345
-7.081836 -3.267461 0.731153
-7.178631 -3.267906 0.690078
-7.131762 -2.071643 0.782623
-7.131762 -2.071643 0.672058
-6.642735 -2.069394 0.782623
-6.642735 -2.069394 0.672058
-7.126022 -3.319364 0.782623
-7.126022 -3.319364 0.672058
-6.636996 -3.317114 0.782623
-6.636996 -3.317114 0.672058

EDGES:
2 0
0 1
1 3
3 2
6 2
3 7
7 6
4 6
7 5
5 4
0 4
5 1
10 8
8 9
9 11
11 10
14 10
11 15
15 14
12 14
15 13
13 12
8 12
13 9
18 16
16 17
17 19
19 18
22 18
19 23
23 22
20 22
23 21
21 20
16 20
21 17
26 24
24 25
25 27
27 26
30 26
27 31
31 30
28 30
31 29
29 28
24 28
29 25
34 32
32 33
33 35
35 34
38 34
35 39
39 38
36 38
39 37
37 36
32 36
37 33
42 40
40 41
41 43
43 42
46 42
43 47
47 46
44 46
47 45
45 44
40 44
45 41
50 48
48 49
49 51
51 50
54 50
51 55
55 54
52 54
55 53
53 52
48 52
53 49
58 56
56 57
57 59
59 58
62 58
59 63
63 62
60 62
63 61
61 60
56 60
61 57
66 64
64 65
65 67
67 66
70 66
67 71
71 70
68 70
71 69
69 68
64 68
69 65
74 72
72 73
73 75
75 74
78 74
75 79
79 78
76 78
79 77
77 76
72 76
77 73
82 80
80 81
81 83
83 82
86 82
83 87
87 86
84 86
87 85
85 84
80 84
85 81
90 88
88 89
89 91
91 90
94 90
91 95
95 94
92 94
95 93
93 92
88 92
93 89
98 96
96 97
97 99
99 98
102 98
99 103
103 102
100 102
103 101
101 100
96 100
101 97
106 104
104 105
105 107
107 106
110 106
107 111
111 110
108 110
111 109
109 108
104 108
109 105
114 112
112 113
113 115
115 114
118 114
115 119
119 118
116 118
119 117
117 116
112 116
117 113
122 120
120 121
121 123
123 122
126 122
123 127
127 126
124 126
127 125
125 124
120 124
125 121
130 128
128 129
129 131
131 130
134 130
131 135
135 134
132 134
135 133
133 132
128 132
133 129
138 136
136 137
137 139
139 138
142 138
139 143
143 142
140 142
143 141
141 140
136 140
141 137
146 144
144 145
145 147
147 146
150 146
147 151
151 150
148 150
151 149
149 148
144 148
149 145
154 152
152 153
153 155
155 154
158 154
155 159
159 158
156 158
159 157
157 156
152 156
157 153
161 160
163 161
162 163
160 162
165 164
167 165
166 167
164 166
170 168
168 169
169 171
171 170
174 170
171 175
175 174
172 174
175 173
173 172
168 172
173 169
178 176
176 177
177 179
179 178
182 178
179 183
183 182
180 182
183 181
181 180
176 180
181 177
186 184
184 185
185 187
187 186
190 186
187 191
191 190
188 190
191 189
189 188
184 188
189 185
194 192
192 193
193 195
195 194
198 194
195 199
199 198
196 198
199 197
197 196
192 196
197 193
201 200
203 201
202 203
200 202
205 204
207 205
206 207
204 206
210 208
208 209
209 211
211 210
214 210
211 215
215 214
212 214
215 213
213 212
208 212
213 209
218 216
216 217
217 219
219 218
222 218
219 223
223 222
220 222
223 221
221 220
216 220
221 217
226 224
224 225
225 227
227 226
230 226
227 231
231 230
228 230
231 229
229 228
224 228
229 225
234 232
232 233
233 235
235 234
238 234
235 239
239 238
236 238
239 237
237 236
232 236
237 233
242 240
240 241
241 243
243 242
246 242
243 247
247 246
244 246
247 245
245 244
240 244
245 241
250 248
248 249
249 251
251 250
254 250
251 255
255 254
252 254
255 253
253 252
248 252
253 249
258 256
256 257
257 259
259 258
262 258
259 263
263 262
260 262
263 261
261 260
256 260
261 257
266 264
264 265
265 267
267 266
270 266
267 271
271 270
268 270
271 269
269 268
264 268
269 265
274 272
272 273
273 275
275 274
278 274
275 279
279 278
276 278
279 277
277 276
272 276
277 273

FACES:
0 1 3 2 59 57 60
2 3 7 6 59 57 60
6 7 5 4 59 57 60
4 5 1 0 59 57 60
2 6 4 0 255 255 255
7 3 1 5 59 57 60
8 9 11 10 72 72 72
10 11 15 14 72 72 72
14 15 13 12 72 72 72
12 13 9 8 72 72 72
10 14 12 8 255 255 255
15 11 9 13 72 72 72
16 17 19 18 11 72 22
18 19 23 22 11 72 22
22 23 21 20 11 72 22
20 21 17 16 11 72 22
18 22 20 16 11 72 22
23 19 17 21 11 72 22
24 25 27 26 72 72 72
26 27 31 30 72 72 72
30 31 29 28 72 72 72
28 29 25 24 72 72 72
26 30 28 24 255 255 255
31 27 25 29 72 72 72
32 33 35 34 72 72 72
34 35 39 38 72 72 72
38 39 37 36 72 72 72
36 37 33 32 72 72 72
34 38 36 32 255 255 255
39 35 33 37 72 72 72
40 41 43 42 72 72 72
42 43 47 46 72 72 72
46 47 45 44 72 72 72
44 45 41 40 72 72 72
42 46 44 40 255 255 255
47 43 41 45 72 72 72
48 49 51 50 72 72 72
50 51 55 54 72 72 72
54 55 53 52 72 72 72
52 53 49 48 72 72 72
50 54 52 48 255 255 255
55 51 49 53 72 72 72
56 57 59 58 72 72 72
58 59 63 62 72 72 72
62 63 61 60 72 72 72
60 61 57 56 72 72 72
58 62 60 56 255 255 255
63 59 57 61 72 72 72
64 65 67 66 51 48 0
66 67 71 70 51 48 0
70 71 69 68 51 48 0
68 69 65 64 51 48 0
66 70 68 64 255 255 255
71 67 65 69 51 48 0
72 73 75 74 81 44 18
74 75 79 78 81 44 18
78 79 77 76 81 44 18
76 77 73 72 81 44 18
74 78 76 72 81 44 18
79 75 73 77 81 44 18
80 81 83 82 81 44 18
82 83 87 86 81 44 18
86 87 85 84 81 44 18
84 85 81 80 81 44 18
82 86 84 80 81 44 18
87 83 81 85 81 44 18
88 89 91 90 0 0 0
90 91 95 94 0 0 0
94 95 93 92 0 0 0
92 93 89 88 0 0 0
90 94 92 88 255 255 255
95 91 89 93 255 255 255
96 97 99 98 0 0 0
98 99 103 102 0 0 0
102 103 101 100 0 0 0
100 101 97 96 0 0 0
98 102 100 96 255 255 255
103 99 97 101 255 255 255
104 105 107 106 81 44 18
106 107 111 110 81 44 18
110 111 109 108 81 44 18
108 109 105 104 81 44 18
106 110 108 104 81 44 18
111 107 105 109 81 44 18
112 113 115 114 81 44 18
114 115 119 118 81 44 18
118 119 117 116 81 44 18
116 117 113 112 81 44 18
114 118 116 112 81 44 18
119 115 113 117 81 44 18
120 121 123 122 81 44 18
122 123 127 126 81 44 18
126 127 125 124 81 44 18
124 125 121 120 81 44 18
122 126 124 120 81 44 18
127 123 121 125 81 44 18
128 129 131 130 81 44 18
130 131 135 134 81 44 18
134 135 133 132 81 44 18
132 133 129 128 81 44 18
130 134 132 128 81 44 18
135 131 129 133 81 44 18
136 137 139 138 0 0 0
138 139 143 142 0 0 0
142 143 141 140 0 0 0
140 141 137 136 0 0 0
138 142 140 136 255 255 255
143 139 137 141 255 255 255
144 145 147 146 0 0 0
146 147 151 150 0 0 0
150 151 149 148 0 0 0
148 149 145 144 0 0 0
146 150 148 144 255 255 255
151 147 145 149 255 255 255
152 153 155 154 0 0 0
154 155 159 158 0 0 0
158 159 157 156 0 0 0
156 157 153 152 0 0 0
154 158 156 152 0 0 0
159 155 153 157 0 0 0
161 163 162 160 255 255 255
165 167 166 164 255 255 255
168 169 171 170 0 0 0
170 171 175 174 0 0 0
174 175 173 172 0 0 0
172 173 169 168 0 0 0
170 174 172 168 0 0 0
175 171 169 173 0 0 0
176 177 179 178 0 0 0
178 179 183 182 0 0 0
182 183 181 180 0 0 0
180 181 177 176 0 0 0
178 182 180 176 255 255 255
183 179 177 181 255 255 255
184 185 187 186 0 0 0
186 187 191 190 0 0 0
190 191 189 188 0 0 0
188 189 185 184 0 0 0
186 190 188 184 255 255 255
191 187 185 189 255 255 255
192 193 195 194 0 0 0
194 195 199 198 0 0 0
198 199 197 196 0 0 0
196 197 193 192 0 0 0
194 198 196 192 0 0 0
199 195 193 197 0 0 0
201 203 202 200 255 255 255
205 207 206 204 255 255 255
208 209 211 210 81 44 18
210 211 215 214 81 44 18
214 215 213 212 81 44 18
212 213 209 208 81 44 18
210 214 212 208 81 44 18
215 211 209 213 81 44 18
216 217 219 218 81 44 18
218 219 223 222 81 44 18
222 223 221 220 81 44 18
220 221 217 216 81 44 18
218 222 220 216 81 44 18
223 219 217 221 81 44 18
224 225 227 226 0 0 0
226 227 231 230 0 0 0
230 231 229 228 0 0 0
228 229 225 224 0 0 0
226 230 228 224 255 255 255
231 227 225 229 255 255 255
232 233 235 234 81 44 18
234 235 239 238 81 44 18
238 239 237 236 81 44 18
236 237 233 232 81 44 18
234 238 236 232 81 44 18
239 235 233 237 81 44 18
240 241 243 242 81 44 18
242 243 247 246 81 44 18
246 247 245 244 81 44 18
244 245 241 240 81 44 18
242 246 244 240 81 44 18
247 243 241 245 81 44 18
248 249 251 250 0 0 0
250 251 255 254 0 0 0
254 255 253 252 0 0 0
252 253 249 248 0 0 0
250 254 252 248 255 255 255
255 251 249 253 255 255 255
256 257 259 258 0 0 0
258 259 263 262 0 0 0
262 263 261 260 0 0 0
260 261 257 256 0 0 0
258 262 260 256 255 255 255
263 259 257 261 255 255 255
264 265 267 266 81 44 18
266 267 271 270 81 44 18
270 271 269 268 81 44 18
268 269 265 264 81 44 18
266 270 268 264 81 44 18
271 267 265 269 81 44 18
272 273 275 274 81 44 18
274 275 279 278 81 44 18
278 279 277 276 81 44 18
276 277 273 272 81 44 18
274 278 276 272 81 44 18
279 275 273 277 81 44 18
