VERTICES:
-1.000000 -1.000000 -1.000000
-1.000000 -1.000000 1.000000
-1.000000 1.000000 -1.000000
-1.000000 1.000000 1.000000
1.000000 -1.000000 -1.000000
1.000000 -1.000000 1.000000
1.000000 1.000000 -1.000000
1.000000 1.000000 1.000000
-4.285974 -1.000000 -1.000000
-4.285974 -1.000000 1.000000
-4.285974 1.000000 -1.000000
-4.285974 1.000000 1.000000
-2.285974 -1.000000 -1.000000
-2.285974 -1.000000 1.000000
-2.285974 1.000000 -1.000000
-2.285974 1.000000 1.000000
-7.261115 -1.000000 -1.000000
-7.261115 -1.000000 1.000000
-7.261115 1.000000 -1.000000
-7.261115 1.000000 1.000000
-5.261115 -1.000000 -1.000000
-5.261115 -1.000000 1.000000
-5.261115 1.000000 -1.000000
-5.261115 1.000000 1.000000

EDGES:
2 0
0 1
1 3
3 2
6 2
3 7
7 6
4 6
7 5
5 4
0 4
5 1
10 8
8 9
9 11
11 10
14 10
11 15
15 14
12 14
15 13
13 12
8 12
13 9
18 16
16 17
17 19
19 18
22 18
19 23
23 22
20 22
23 21
21 20
16 20
21 17

FACES:
0 1 3 2
2 3 7 6
6 7 5 4
4 5 1 0
2 6 4 0
7 3 1 5
8 9 11 10
10 11 15 14
14 15 13 12
12 13 9 8
10 14 12 8
15 11 9 13
16 17 19 18
18 19 23 22
22 23 21 20
20 21 17 16
18 22 20 16
23 19 17 21