VERTICES:
0.446453 1.000000 2.100823
0.700000 1.000000 1.300823
0.446453 -0.753925 1.680595
0.700000 -1.000000 1.300823
-0.446453 1.000000 2.100823
-0.700000 1.000000 1.300823
-0.446453 -0.753925 1.680595
-0.700000 -1.000000 1.300823
0.668770 -0.303439 1.222899
0.743079 -0.303439 1.222899
0.668770 -0.309521 1.161153
0.743079 -0.309521 1.161153
0.668770 -0.327531 1.101780
0.743079 -0.327531 1.101780
0.668770 -0.356779 1.047061
0.743079 -0.356779 1.047061
0.668770 -0.396140 0.999100
0.743079 -0.396140 0.999100
0.668770 -0.444101 0.959739
0.743079 -0.444101 0.959739
0.668770 -0.498819 0.930492
0.743079 -0.498819 0.930492
0.668770 -0.558192 0.912481
0.743079 -0.558192 0.912481
0.668770 -0.619938 0.906400
0.743079 -0.619938 0.906400
0.668770 -0.681684 0.912481
0.743079 -0.681684 0.912481
0.668770 -0.741057 0.930492
0.743079 -0.741057 0.930492
0.668770 -0.795776 0.959739
0.743079 -0.795776 0.959739
0.668770 -0.843737 0.999100
0.743079 -0.843737 0.999100
0.668770 -0.883097 1.047061
0.743079 -0.883097 1.047061
0.668770 -0.912345 1.101780
0.743079 -0.912345 1.101780
0.668770 -0.930356 1.161153
0.743079 -0.930356 1.161153
0.668770 -0.936437 1.222899
0.743079 -0.936437 1.222899
0.668770 -0.930356 1.284644
0.743079 -0.930356 1.284644
0.668770 -0.912345 1.344018
0.743079 -0.912345 1.344018
0.668770 -0.883097 1.398736
0.743079 -0.883097 1.398736
0.668770 -0.843737 1.446697
0.743079 -0.843737 1.446697
0.668770 -0.795776 1.486058
0.743079 -0.795776 1.486058
0.668770 -0.741057 1.515306
0.743079 -0.741057 1.515306
0.668770 -0.681684 1.533316
0.743079 -0.681684 1.533316
0.668770 -0.619938 1.539398
0.743079 -0.619938 1.539398
0.668770 -0.558192 1.533316
0.743079 -0.558192 1.533316
0.668770 -0.498819 1.515306
0.743079 -0.498819 1.515306
0.668770 -0.444101 1.486058
0.743079 -0.444101 1.486058
0.668770 -0.396140 1.446697
0.743079 -0.396140 1.446697
0.668770 -0.356779 1.398736
0.743079 -0.356779 1.398736
0.668770 -0.327531 1.344018
0.743079 -0.327531 1.344018
0.668770 -0.309521 1.284644
0.743079 -0.309521 1.284644
0.668770 0.972904 1.222899
0.743079 0.972904 1.222899
0.668770 0.966823 1.161153
0.743079 0.966823 1.161153
0.668770 0.948812 1.101780
0.743079 0.948812 1.101780
0.668770 0.919564 1.047061
0.743079 0.919564 1.047061
0.668770 0.880204 0.999100
0.743079 0.880204 0.999100
0.668770 0.832242 0.959739
0.743079 0.832242 0.959739
0.668770 0.777524 0.930492
0.743079 0.777524 0.930492
0.668770 0.718151 0.912481
0.743079 0.718151 0.912481
0.668770 0.656405 0.906400
0.743079 0.656405 0.906400
0.668770 0.594659 0.912481
0.743079 0.594659 0.912481
0.668770 0.535286 0.930492
0.743079 0.535286 0.930492
0.668770 0.480568 0.959739
0.743079 0.480568 0.959739
0.668770 0.432606 0.999100
0.743079 0.432606 0.999100
0.668770 0.393246 1.047061
0.743079 0.393246 1.047061
0.668770 0.363998 1.101780
0.743079 0.363998 1.101780
0.668770 0.345987 1.161153
0.743079 0.345987 1.161153
0.668770 0.339906 1.222899
0.743079 0.339906 1.222899
0.668770 0.345987 1.284644
0.743079 0.345987 1.284644
0.668770 0.363998 1.344018
0.743079 0.363998 1.344018
0.668770 0.393246 1.398736
0.743079 0.393246 1.398736
0.668770 0.432606 1.446697
0.743079 0.432606 1.446697
0.668770 0.480568 1.486058
0.743079 0.480568 1.486058
0.668770 0.535286 1.515306
0.743079 0.535286 1.515306
0.668770 0.594659 1.533316
0.743079 0.594659 1.533316
0.668770 0.656405 1.539398
0.743079 0.656405 1.539398
0.668770 0.718151 1.533316
0.743079 0.718151 1.533316
0.668770 0.777524 1.515306
0.743079 0.777524 1.515306
0.668770 0.832242 1.486058
0.743079 0.832242 1.486058
0.668770 0.880204 1.446697
0.743079 0.880204 1.446697
0.668770 0.919564 1.398736
0.743079 0.919564 1.398736
0.668770 0.948812 1.344018
0.743079 0.948812 1.344018
0.668770 0.966823 1.284644
0.743079 0.966823 1.284644
-0.771674 0.972904 1.222899
-0.697366 0.972904 1.222899
-0.771674 0.966823 1.161153
-0.697366 0.966823 1.161153
-0.771674 0.948812 1.101780
-0.697366 0.948812 1.101780
-0.771675 0.919564 1.047061
-0.697366 0.919564 1.047061
-0.771675 0.880204 0.999100
-0.697366 0.880204 0.999100
-0.771675 0.832242 0.959739
-0.697366 0.832242 0.959739
-0.771675 0.777524 0.930492
-0.697366 0.777524 0.930492
-0.771675 0.718151 0.912481
-0.697366 0.718151 0.912481
-0.771675 0.656405 0.906400
-0.697366 0.656405 0.906400
-0.771675 0.594659 0.912481
-0.697366 0.594659 0.912481
-0.771675 0.535286 0.930492
-0.697366 0.535286 0.930492
-0.771675 0.480568 0.959739
-0.697366 0.480568 0.959739
-0.771675 0.432606 0.999100
-0.697366 0.432606 0.999100
-0.771675 0.393246 1.047061
-0.697366 0.393246 1.047061
-0.771674 0.363998 1.101780
-0.697366 0.363998 1.101780
-0.771674 0.345987 1.161153
-0.697366 0.345987 1.161153
-0.771674 0.339906 1.222899
-0.697366 0.339906 1.222899
-0.771674 0.345987 1.284644
-0.697366 0.345987 1.284644
-0.771674 0.363998 1.344018
-0.697366 0.363998 1.344018
-0.771674 0.393246 1.398736
-0.697366 0.393246 1.398736
-0.771674 0.432606 1.446697
-0.697366 0.432606 1.446697
-0.771674 0.480568 1.486058
-0.697366 0.480568 1.486058
-0.771674 0.535286 1.515306
-0.697366 0.535286 1.515306
-0.771674 0.594659 1.533316
-0.697366 0.594659 1.533316
-0.771674 0.656405 1.539398
-0.697366 0.656405 1.539398
-0.771674 0.718151 1.533316
-0.697366 0.718151 1.533316
-0.771674 0.777524 1.515306
-0.697366 0.777524 1.515306
-0.771674 0.832242 1.486058
-0.697366 0.832242 1.486058
-0.771674 0.880204 1.446697
-0.697366 0.880204 1.446697
-0.771674 0.919564 1.398736
-0.697366 0.919564 1.398736
-0.771674 0.948812 1.344018
-0.697366 0.948812 1.344018
-0.771674 0.966823 1.284644
-0.697366 0.966823 1.284644
-0.771674 -0.303439 1.222899
-0.697366 -0.303439 1.222899
-0.771674 -0.309521 1.161153
-0.697366 -0.309521 1.161153
-0.771674 -0.327531 1.101780
-0.697366 -0.327531 1.101780
-0.771675 -0.356779 1.047061
-0.697366 -0.356779 1.047061
-0.771675 -0.396140 0.999100
-0.697366 -0.396140 0.999100
-0.771675 -0.444101 0.959739
-0.697366 -0.444101 0.959739
-0.771675 -0.498819 0.930492
-0.697366 -0.498819 0.930492
-0.771675 -0.558192 0.912481
-0.697366 -0.558192 0.912481
-0.771675 -0.619938 0.906400
-0.697366 -0.619938 0.906400
-0.771675 -0.681684 0.912481
-0.697366 -0.681684 0.912481
-0.771675 -0.741057 0.930492
-0.697366 -0.741057 0.930492
-0.771675 -0.795776 0.959739
-0.697366 -0.795776 0.959739
-0.771675 -0.843737 0.999100
-0.697366 -0.843737 0.999100
-0.771675 -0.883097 1.047061
-0.697366 -0.883097 1.047061
-0.771674 -0.912345 1.101780
-0.697366 -0.912345 1.101780
-0.771674 -0.930356 1.161153
-0.697366 -0.930356 1.161153
-0.771674 -0.936437 1.222899
-0.697366 -0.936437 1.222899
-0.771674 -0.930356 1.284644
-0.697366 -0.930356 1.284644
-0.771674 -0.912345 1.344018
-0.697366 -0.912345 1.344018
-0.771674 -0.883097 1.398736
-0.697366 -0.883097 1.398736
-0.771674 -0.843737 1.446697
-0.697366 -0.843737 1.446697
-0.771674 -0.795776 1.486058
-0.697366 -0.795776 1.486058
-0.771674 -0.741057 1.515306
-0.697366 -0.741057 1.515306
-0.771674 -0.681684 1.533316
-0.697366 -0.681684 1.533316
-0.771674 -0.619938 1.539398
-0.697366 -0.619938 1.539398
-0.771674 -0.558192 1.533316
-0.697366 -0.558192 1.533316
-0.771674 -0.498819 1.515306
-0.697366 -0.498819 1.515306
-0.771674 -0.444101 1.486058
-0.697366 -0.444101 1.486058
-0.771674 -0.396140 1.446697
-0.697366 -0.396140 1.446697
-0.771674 -0.356779 1.398736
-0.697366 -0.356779 1.398736
-0.771674 -0.327531 1.344018
-0.697366 -0.327531 1.344018
-0.771674 -0.309521 1.284644
-0.697366 -0.309521 1.284644

EDGES:
5 7
1 5
0 1
7 6
2 3
4 5
2 6
0 2
7 3
6 4
4 0
3 1
8 10
11 9
8 9
11 10
10 12
13 11
13 12
12 14
15 13
15 14
14 16
17 15
17 16
16 18
19 17
19 18
18 20
21 19
21 20
20 22
23 21
23 22
22 24
25 23
25 24
24 26
27 25
27 26
26 28
29 27
29 28
28 30
31 29
31 30
30 32
33 31
33 32
32 34
35 33
35 34
34 36
37 35
37 36
36 38
39 37
39 38
38 40
41 39
41 40
40 42
43 41
43 42
42 44
45 43
45 44
44 46
47 45
47 46
46 48
49 47
49 48
48 50
51 49
51 50
50 52
53 51
53 52
52 54
55 53
55 54
54 56
57 55
57 56
56 58
59 57
59 58
58 60
61 59
61 60
60 62
63 61
63 62
62 64
65 63
65 64
64 66
67 65
67 66
66 68
69 67
69 68
68 70
71 69
71 70
70 8
9 71
72 74
75 73
72 73
75 74
74 76
77 75
77 76
76 78
79 77
79 78
78 80
81 79
81 80
80 82
83 81
83 82
82 84
85 83
85 84
84 86
87 85
87 86
86 88
89 87
89 88
88 90
91 89
91 90
90 92
93 91
93 92
92 94
95 93
95 94
94 96
97 95
97 96
96 98
99 97
99 98
98 100
101 99
101 100
100 102
103 101
103 102
102 104
105 103
105 104
104 106
107 105
107 106
106 108
109 107
109 108
108 110
111 109
111 110
110 112
113 111
113 112
112 114
115 113
115 114
114 116
117 115
117 116
116 118
119 117
119 118
118 120
121 119
121 120
120 122
123 121
123 122
122 124
125 123
125 124
124 126
127 125
127 126
126 128
129 127
129 128
128 130
131 129
131 130
130 132
133 131
133 132
132 134
135 133
135 134
134 72
73 135
136 138
139 137
136 137
139 138
138 140
141 139
141 140
140 142
143 141
143 142
142 144
145 143
145 144
144 146
147 145
147 146
146 148
149 147
149 148
148 150
151 149
151 150
150 152
153 151
153 152
152 154
155 153
155 154
154 156
157 155
157 156
156 158
159 157
159 158
158 160
161 159
161 160
160 162
163 161
163 162
162 164
165 163
165 164
164 166
167 165
167 166
166 168
169 167
169 168
168 170
171 169
171 170
170 172
173 171
173 172
172 174
175 173
175 174
174 176
177 175
177 176
176 178
179 177
179 178
178 180
181 179
181 180
180 182
183 181
183 182
182 184
185 183
185 184
184 186
187 185
187 186
186 188
189 187
189 188
188 190
191 189
191 190
190 192
193 191
193 192
192 194
195 193
195 194
194 196
197 195
197 196
196 198
199 197
199 198
198 136
137 199
200 202
203 201
200 201
203 202
202 204
205 203
205 204
204 206
207 205
207 206
206 208
209 207
209 208
208 210
211 209
211 210
210 212
213 211
213 212
212 214
215 213
215 214
214 216
217 215
217 216
216 218
219 217
219 218
218 220
221 219
221 220
220 222
223 221
223 222
222 224
225 223
225 224
224 226
227 225
227 226
226 228
229 227
229 228
228 230
231 229
231 230
230 232
233 231
233 232
232 234
235 233
235 234
234 236
237 235
237 236
236 238
239 237
239 238
238 240
241 239
241 240
240 242
243 241
243 242
242 244
245 243
245 244
244 246
247 245
247 246
246 248
249 247
249 248
248 250
251 249
251 250
250 252
253 251
253 252
252 254
255 253
255 254
254 256
257 255
257 256
256 258
259 257
259 258
258 260
261 259
261 260
260 262
263 261
263 262
262 200
201 263

FACES:
0 4 6 2 255 8 0
3 2 6 7 255 8 0
7 6 4 5 255 8 0
5 1 3 7 255 8 0
1 0 2 3 255 8 0
5 4 0 1 255 8 0
8 9 11 10 0 0 0
10 11 13 12 0 0 0
12 13 15 14 0 0 0
14 15 17 16 0 0 0
16 17 19 18 0 0 0
18 19 21 20 0 0 0
20 21 23 22 0 0 0
22 23 25 24 0 0 0
24 25 27 26 0 0 0
26 27 29 28 0 0 0
28 29 31 30 0 0 0
30 31 33 32 0 0 0
32 33 35 34 0 0 0
34 35 37 36 0 0 0
36 37 39 38 0 0 0
38 39 41 40 0 0 0
40 41 43 42 0 0 0
42 43 45 44 0 0 0
44 45 47 46 0 0 0
46 47 49 48 0 0 0
48 49 51 50 0 0 0
50 51 53 52 0 0 0
52 53 55 54 0 0 0
54 55 57 56 0 0 0
56 57 59 58 0 0 0
58 59 61 60 0 0 0
60 61 63 62 0 0 0
62 63 65 64 0 0 0
64 65 67 66 0 0 0
66 67 69 68 0 0 0
11 9 71 69 67 65 63 61 59 57 55 53 51 49 47 45 43 41 39 37 35 33 31 29 27 25 23 21 19 17 15 13 0 0 0
68 69 71 70 0 0 0
70 71 9 8 0 0 0
8 10 12 14 16 18 20 22 24 26 28 30 32 34 36 38 40 42 44 46 48 50 52 54 56 58 60 62 64 66 68 70 0 0 0
72 73 75 74 0 0 0
74 75 77 76 0 0 0
76 77 79 78 0 0 0
78 79 81 80 0 0 0
80 81 83 82 0 0 0
82 83 85 84 0 0 0
84 85 87 86 0 0 0
86 87 89 88 0 0 0
88 89 91 90 0 0 0
90 91 93 92 0 0 0
92 93 95 94 0 0 0
94 95 97 96 0 0 0
96 97 99 98 0 0 0
98 99 101 100 0 0 0
100 101 103 102 0 0 0
102 103 105 104 0 0 0
104 105 107 106 0 0 0
106 107 109 108 0 0 0
108 109 111 110 0 0 0
110 111 113 112 0 0 0
112 113 115 114 0 0 0
114 115 117 116 0 0 0
116 117 119 118 0 0 0
118 119 121 120 0 0 0
120 121 123 122 0 0 0
122 123 125 124 0 0 0
124 125 127 126 0 0 0
126 127 129 128 0 0 0
128 129 131 130 0 0 0
130 131 133 132 0 0 0
75 73 135 133 131 129 127 125 123 121 119 117 115 113 111 109 107 105 103 101 99 97 95 93 91 89 87 85 83 81 79 77 0 0 0
132 133 135 134 0 0 0
134 135 73 72 0 0 0
72 74 76 78 80 82 84 86 88 90 92 94 96 98 100 102 104 106 108 110 112 114 116 118 120 122 124 126 128 130 132 134 0 0 0
136 137 139 138 0 0 0
138 139 141 140 0 0 0
140 141 143 142 0 0 0
142 143 145 144 0 0 0
144 145 147 146 0 0 0
146 147 149 148 0 0 0
148 149 151 150 0 0 0
150 151 153 152 0 0 0
152 153 155 154 0 0 0
154 155 157 156 0 0 0
156 157 159 158 0 0 0
158 159 161 160 0 0 0
160 161 163 162 0 0 0
162 163 165 164 0 0 0
164 165 167 166 0 0 0
166 167 169 168 0 0 0
168 169 171 170 0 0 0
170 171 173 172 0 0 0
172 173 175 174 0 0 0
174 175 177 176 0 0 0
176 177 179 178 0 0 0
178 179 181 180 0 0 0
180 181 183 182 0 0 0
182 183 185 184 0 0 0
184 185 187 186 0 0 0
186 187 189 188 0 0 0
188 189 191 190 0 0 0
190 191 193 192 0 0 0
192 193 195 194 0 0 0
194 195 197 196 0 0 0
139 137 199 197 195 193 191 189 187 185 183 181 179 177 175 173 171 169 167 165 163 161 159 157 155 153 151 149 147 145 143 141 0 0 0
196 197 199 198 0 0 0
198 199 137 136 0 0 0
136 138 140 142 144 146 148 150 152 154 156 158 160 162 164 166 168 170 172 174 176 178 180 182 184 186 188 190 192 194 196 198 0 0 0
200 201 203 202 0 0 0
202 203 205 204 0 0 0
204 205 207 206 0 0 0
206 207 209 208 0 0 0
208 209 211 210 0 0 0
210 211 213 212 0 0 0
212 213 215 214 0 0 0
214 215 217 216 0 0 0
216 217 219 218 0 0 0
218 219 221 220 0 0 0
220 221 223 222 0 0 0
222 223 225 224 0 0 0
224 225 227 226 0 0 0
226 227 229 228 0 0 0
228 229 231 230 0 0 0
230 231 233 232 0 0 0
232 233 235 234 0 0 0
234 235 237 236 0 0 0
236 237 239 238 0 0 0
238 239 241 240 0 0 0
240 241 243 242 0 0 0
242 243 245 244 0 0 0
244 245 247 246 0 0 0
246 247 249 248 0 0 0
248 249 251 250 0 0 0
250 251 253 252 0 0 0
252 253 255 254 0 0 0
254 255 257 256 0 0 0
256 257 259 258 0 0 0
258 259 261 260 0 0 0
203 201 263 261 259 257 255 253 251 249 247 245 243 241 239 237 235 233 231 229 227 225 223 221 219 217 215 213 211 209 207 205 0 0 0
260 261 263 262 0 0 0
262 263 201 200 0 0 0
200 202 204 206 208 210 212 214 216 218 220 222 224 226 228 230 232 234 236 238 240 242 244 246 248 250 252 254 256 258 260 262 0 0 0
