VERTICES:
7.935085 -6.055485 0.325369
7.935085 -6.055485 0.725369
-8.064915 -6.055486 0.325369
-8.064915 -6.055486 0.725369
7.935085 -4.055485 0.325369
7.935085 -4.055485 0.725369
-8.064915 -4.055486 0.325369
-8.064915 -4.055486 0.725369
-8.064915 -8.055486 -0.452836
-8.064915 -8.055486 0.547164
-8.064915 7.944514 -0.452836
-8.064915 7.944514 0.547164
7.935084 -8.055486 -0.452836
7.935084 -8.055486 0.547164
7.935084 7.944515 -0.452836
7.935084 7.944515 0.547164
-6.064916 -8.055486 0.325369
-6.064916 -8.055486 0.725369
-6.064915 7.944514 0.325369
-6.064915 7.944514 0.725369
-4.064916 -8.055486 0.325369
-4.064916 -8.055486 0.725369
-4.064915 7.944514 0.325369
-4.064915 7.944514 0.725369
3.935085 -8.055486 0.325369
3.935085 -8.055486 0.725369
3.935085 7.944514 0.325369
3.935085 7.944514 0.725369
5.935084 -8.055486 0.325369
5.935084 -8.055486 0.725369
5.935085 7.944515 0.325369
5.935085 7.944515 0.725369
-2.064915 -8.055486 0.325369
-2.064915 -8.055486 0.725369
-2.064915 7.944514 0.325369
-2.064915 7.944514 0.725369
-0.064915 -8.055486 0.325369
-0.064915 -8.055486 0.725369
-0.064915 7.944514 0.325369
-0.064915 7.944514 0.725369
7.935085 -0.055485 0.325369
7.935085 -0.055485 0.725369
-8.064915 -0.055486 0.325369
-8.064915 -0.055486 0.725369
7.935085 1.944515 0.325369
7.935085 1.944515 0.725369
-8.064915 1.944514 0.325369
-8.064915 1.944514 0.725369
7.935084 3.944515 0.325369
7.935084 3.944515 0.725369
-8.064915 3.944514 0.325369
-8.064915 3.944514 0.725369
7.935084 5.944515 0.325369
7.935084 5.944515 0.725369
-8.064915 5.944514 0.325369
-8.064915 5.944514 0.725369

EDGES:
2 0
0 1
1 3
3 2
6 2
3 7
7 6
4 6
7 5
5 4
0 4
5 1
10 8
8 9
9 11
11 10
14 10
11 15
15 14
12 14
15 13
13 12
8 12
13 9
18 16
16 17
17 19
19 18
22 18
19 23
23 22
20 22
23 21
21 20
16 20
21 17
26 24
24 25
25 27
27 26
30 26
27 31
31 30
28 30
31 29
29 28
24 28
29 25
34 32
32 33
33 35
35 34
38 34
35 39
39 38
36 38
39 37
37 36
32 36
37 33
42 40
40 41
41 43
43 42
46 42
43 47
47 46
44 46
47 45
45 44
40 44
45 41
50 48
48 49
49 51
51 50
54 50
51 55
55 54
52 54
55 53
53 52
48 52
53 49

FACES:
0 1 3 2 11 72 22
2 3 7 6 11 72 22
6 7 5 4 11 72 22
4 5 1 0 11 72 22
2 6 4 0 255 255 255
7 3 1 5 72 72 72
8 9 11 10 11 72 22
10 11 15 14 11 72 22
14 15 13 12 11 72 22
12 13 9 8 11 72 22
10 14 12 8 255 255 255
15 11 9 13 11 72 22
16 17 19 18 11 72 22
18 19 23 22 11 72 22
22 23 21 20 11 72 22
20 21 17 16 11 72 22
18 22 20 16 255 255 255
23 19 17 21 72 72 72
24 25 27 26 11 72 22
26 27 31 30 11 72 22
30 31 29 28 11 72 22
28 29 25 24 11 72 22
26 30 28 24 255 255 255
31 27 25 29 72 72 72
32 33 35 34 11 72 22
34 35 39 38 11 72 22
38 39 37 36 11 72 22
36 37 33 32 11 72 22
34 38 36 32 255 255 255
39 35 33 37 72 72 72
40 41 43 42 11 72 22
42 43 47 46 11 72 22
46 47 45 44 11 72 22
44 45 41 40 11 72 22
42 46 44 40 255 255 255
47 43 41 45 72 72 72
48 49 51 50 11 72 22
50 51 55 54 11 72 22
54 55 53 52 11 72 22
52 53 49 48 11 72 22
50 54 52 48 255 255 255
55 51 49 53 72 72 72
