VERTICES:
-1.000000 -1.000000 -1.000000
-1.000000 -1.000000 1.000000
-1.000000 1.000000 -1.000000
-1.000000 1.000000 1.000000
1.000000 -1.000000 -1.000000
1.000000 -1.000000 1.000000
1.000000 1.000000 -1.000000
1.000000 1.000000 1.000000
-3.000000 1.000000 -4.891025
-3.000000 1.000000 0.108975
13.000000 1.000000 -4.891025
13.000000 1.000000 0.108975
-3.000000 -1.000000 -4.891025
-3.000000 -1.000000 0.108975
13.000000 -1.000000 -4.891025
13.000000 -1.000000 0.108975
-3.000000 0.750000 -1.000001
-3.000000 0.750000 0.999999
13.000000 0.750000 -1.000001
13.000000 0.750000 0.999999
-3.000000 0.500000 -1.000001
-3.000000 0.500000 0.999999
13.000000 0.500000 -1.000001
13.000000 0.500000 0.999999
-3.000000 -0.500000 -1.000001
-3.000000 -0.500000 0.999999
13.000000 -0.500000 -1.000001
13.000000 -0.500000 0.999999
-3.000000 -0.750000 -1.000001
-3.000000 -0.750000 0.999999
13.000000 -0.750000 -1.000001
13.000000 -0.750000 0.999999
-3.000000 0.250000 -1.000001
-3.000000 0.250000 0.999999
13.000000 0.250000 -1.000001
13.000000 0.250000 0.999999
-3.000000 0.000000 -1.000001
-3.000000 0.000000 0.999999
13.000000 -0.000000 -1.000001
13.000000 -0.000000 0.999999
5.000000 -1.000000 -1.000000
5.000000 -1.000000 1.000000
5.000000 1.000000 -1.000000
5.000000 1.000000 1.000000
7.000000 -1.000000 -1.000000
7.000000 -1.000000 1.000000
7.000000 1.000000 -1.000000
7.000000 1.000000 1.000000
9.000000 -1.000000 -1.000000
9.000000 -1.000000 1.000000
9.000000 1.000000 -1.000000
9.000000 1.000000 1.000000
11.000000 -1.000000 -1.000000
11.000000 -1.000000 1.000000
11.000000 1.000000 -1.000000
11.000000 1.000000 1.000000

EDGES:
2 0
0 1
1 3
3 2
6 2
3 7
7 6
4 6
7 5
5 4
0 4
5 1
10 8
8 9
9 11
11 10
14 10
11 15
15 14
12 14
15 13
13 12
8 12
13 9
18 16
16 17
17 19
19 18
22 18
19 23
23 22
20 22
23 21
21 20
16 20
21 17
26 24
24 25
25 27
27 26
30 26
27 31
31 30
28 30
31 29
29 28
24 28
29 25
34 32
32 33
33 35
35 34
38 34
35 39
39 38
36 38
39 37
37 36
32 36
37 33
42 40
40 41
41 43
43 42
46 42
43 47
47 46
44 46
47 45
45 44
40 44
45 41
50 48
48 49
49 51
51 50
54 50
51 55
55 54
52 54
55 53
53 52
48 52
53 49

FACES:
0 1 3 2
2 3 7 6
6 7 5 4
4 5 1 0
2 6 4 0
7 3 1 5
8 9 11 10
10 11 15 14
14 15 13 12
12 13 9 8
10 14 12 8
15 11 9 13
16 17 19 18
18 19 23 22
22 23 21 20
20 21 17 16
18 22 20 16
23 19 17 21
24 25 27 26
26 27 31 30
30 31 29 28
28 29 25 24
26 30 28 24
31 27 25 29
32 33 35 34
34 35 39 38
38 39 37 36
36 37 33 32
34 38 36 32
39 35 33 37
40 41 43 42
42 43 47 46
46 47 45 44
44 45 41 40
42 46 44 40
47 43 41 45
48 49 51 50
50 51 55 54
54 55 53 52
52 53 49 48
50 54 52 48
55 51 49 53